created_at,id,tracking_code,status,from_address_id,from_name,from_company,from_street1,from_street2,from_city,from_state,from_zip,from_country,from_residential,to_address_id,to_name,to_company,to_street1,to_street2,to_city,to_state,to_zip,to_country,to_residential,parcel_id,length,width,height,weight,predefined_package,postage_label_created_at,rate_id,service,carrier,rate,insured_value,is_return,refund_status,reference,label_fee,postage_fee,insurance_fee,options,batch_id
2026-09-12T13:20:42Z,shp_00008186,9400100000000000008186,in_transit,adr_from0001,Goodwill E-Com (test),Goodwill Michiana (test),100 Test Warehouse Rd,,South Bend,IN,46601,US,false,adr_to000000,Test Buyer,,1 Example Ave,,Testville,IN,46601,US,true,prcl_000000,10,8,4,25.6,,2026-09-12T13:20:43Z,rate_000000,GroundAdvantage,USPS,3.29,,false,,114-3319617-6077397,0.00,3.29,0.00,"[{""label_format"":""PDF""},{""print_custom_1"":""ecom""}]",
2026-09-12T13:40:38Z,shp_00008197,9400100000000000008197,delivered,adr_from0001,Goodwill E-Com (test),Goodwill Michiana (test),100 Test Warehouse Rd,,South Bend,IN,46601,US,false,adr_to000001,Test Buyer,,2 Example Ave,,Sampleton,OH,43004,US,true,prcl_000001,10,8,4,12.8,,2026-09-12T13:40:39Z,rate_000001,GroundAdvantage,USPS,6.79,,false,,26-19641-87566,0.00,6.79,0.00,"[{""label_format"":""PDF""},{""print_custom_1"":""ecom""}]",
2026-09-12T13:57:18Z,shp_00008114,9400100000000000008114,delivered,adr_from0001,Goodwill E-Com (test),Goodwill Michiana (test),100 Test Warehouse Rd,,South Bend,IN,46601,US,false,adr_to000002,Test Buyer,,3 Example Ave,,Mocksburg,MI,49001,US,true,prcl_000002,10,8,4,16.0,,2026-09-12T13:57:19Z,rate_000002,GroundAdvantage,USPS,5.70,,false,,112-6419455-8611371,0.00,5.70,0.00,"[{""label_format"":""PDF""},{""print_custom_1"":""ecom""}]",
2026-09-12T13:58:21Z,shp_00008178,9400100000000000008178,delivered,adr_from0001,Goodwill E-Com (test),Goodwill Michiana (test),100 Test Warehouse Rd,,South Bend,IN,46601,US,false,adr_to000003,Test Buyer,,4 Example Ave,,Fakeport,IL,60601,US,true,prcl_000003,10,8,4,48.0,,2026-09-12T13:58:22Z,rate_000003,GroundAdvantage,USPS,3.71,,false,,114-6719603-9517475,0.00,3.71,0.00,"[{""label_format"":""PDF""},{""print_custom_1"":""ecom""}]",
2026-09-12T13:58:39Z,shp_00008151,9400100000000000008151,delivered,adr_from0001,Goodwill E-Com (test),Goodwill Michiana (test),100 Test Warehouse Rd,,South Bend,IN,46601,US,false,adr_to000004,Test Buyer,,5 Example Ave,,Testville,IN,46601,US,true,prcl_000004,10,8,4,27.2,,2026-09-12T13:58:40Z,rate_000004,Priority,USPS,8.41,,false,,SGW-7719547,0.00,8.41,0.00,"[{""label_format"":""PDF""},{""print_custom_1"":""ecom""}]",
2026-09-12T14:03:54Z,shp_00008123,9400100000000000008123,delivered,adr_from0001,Goodwill E-Com (test),Goodwill Michiana (test),100 Test Warehouse Rd,,South Bend,IN,46601,US,false,adr_to000005,Test Buyer,,6 Example Ave,,Sampleton,OH,43004,US,true,prcl_000005,10,8,4,49.6,,2026-09-12T14:03:55Z,rate_000005,Priority,USPS,7.43,,false,,26-19470-65097,0.00,7.43,0.00,"[{""label_format"":""PDF""},{""print_custom_1"":""ecom""}]",
2026-09-12T14:06:13Z,shp_00008199,9400100000000000008199,delivered,adr_from0001,Goodwill E-Com (test),Goodwill Michiana (test),100 Test Warehouse Rd,,South Bend,IN,46601,US,false,adr_to000006,Test Buyer,,7 Example Ave,,Mocksburg,MI,49001,US,true,prcl_000006,10,8,4,9.6,,2026-09-12T14:06:14Z,rate_000006,GroundAdvantage,USPS,7.61,,false,,26-19649-75084,0.00,7.61,0.00,"[{""label_format"":""PDF""},{""print_custom_1"":""ecom""}]",
2026-09-12T14:07:00Z,shp_00008134,9400100000000000008134,delivered,adr_from0001,Goodwill E-Com (test),Goodwill Michiana (test),100 Test Warehouse Rd,,South Bend,IN,46601,US,false,adr_to000007,Test Buyer,,8 Example Ave,,Fakeport,IL,60601,US,true,prcl_000007,10,8,4,48.0,,2026-09-12T14:07:01Z,rate_000007,GroundAdvantage,USPS,11.50,,false,,SGW-7719515,0.00,11.50,0.00,"[{""label_format"":""PDF""},{""print_custom_1"":""ecom""}]",
2026-09-12T14:16:22Z,shp_00008200,9400100000000000008200,delivered,adr_from0001,Goodwill E-Com (test),Goodwill Michiana (test),100 Test Warehouse Rd,,South Bend,IN,46601,US,false,adr_to000008,Test Buyer,,9 Example Ave,,Testville,IN,46601,US,true,prcl_000008,10,8,4,57.6,,2026-09-12T14:16:23Z,rate_000008,GroundAdvantage,USPS,7.28,,false,,08-19650-13672,0.00,7.28,0.00,"[{""label_format"":""PDF""},{""print_custom_1"":""ecom""}]",
2026-09-12T14:19:25Z,shp_00008131,9400100000000000008131,in_transit,adr_from0001,Goodwill E-Com (test),Goodwill Michiana (test),100 Test Warehouse Rd,,South Bend,IN,46601,US,false,adr_to000009,Test Buyer,,10 Example Ave,,Sampleton,OH,43004,US,true,prcl_000009,10,8,4,28.8,,2026-09-12T14:19:26Z,rate_000009,GroundAdvantage,USPS,12.99,,false,,SGW-7719512,0.00,12.99,0.00,"[{""label_format"":""PDF""},{""print_custom_1"":""ecom""}]",
2026-09-12T14:22:53Z,shp_00008181,9400100000000000008181,delivered,adr_from0001,Goodwill E-Com (test),Goodwill Michiana (test),100 Test Warehouse Rd,,South Bend,IN,46601,US,false,adr_to000010,Test Buyer,,11 Example Ave,,Mocksburg,MI,49001,US,true,prcl_000010,10,8,4,33.6,,2026-09-12T14:22:54Z,rate_000010,Priority,USPS,3.73,,false,,113-6019608-3804616,0.00,3.73,0.00,"[{""label_format"":""PDF""},{""print_custom_1"":""ecom""}]",
2026-09-12T14:31:51Z,shp_00008193,9400100000000000008193,delivered,adr_from0001,Goodwill E-Com (test),Goodwill Michiana (test),100 Test Warehouse Rd,,South Bend,IN,46601,US,false,adr_to000011,Test Buyer,,12 Example Ave,,Fakeport,IL,60601,US,true,prcl_000011,10,8,4,51.2,,2026-09-12T14:31:52Z,rate_000011,GroundAdvantage,USPS,3.34,,false,,111-9419630-9837421,0.00,3.34,0.00,"[{""label_format"":""PDF""},{""print_custom_1"":""ecom""}]",
2026-09-12T15:01:25Z,shp_00008161,9400100000000000008161,delivered,adr_from0001,Goodwill E-Com (test),Goodwill Michiana (test),100 Test Warehouse Rd,,South Bend,IN,46601,US,false,adr_to000012,Test Buyer,,13 Example Ave,,Testville,IN,46601,US,true,prcl_000012,10,8,4,9.6,,2026-09-12T15:01:26Z,rate_000012,GroundAdvantage,USPS,3.61,,false,,113-7319573-2355018,0.00,3.61,0.00,"[{""label_format"":""PDF""},{""print_custom_1"":""ecom""}]",
2026-09-12T15:10:41Z,shp_00008150,9400100000000000008150,unknown,adr_from0001,Goodwill E-Com (test),Goodwill Michiana (test),100 Test Warehouse Rd,,South Bend,IN,46601,US,false,adr_to000013,Test Buyer,,14 Example Ave,,Sampleton,OH,43004,US,true,prcl_000013,10,8,4,25.6,,2026-09-12T15:10:42Z,rate_000013,GroundAdvantage,USPS,15.24,,false,refunded,SGW-7719545,0.00,15.24,0.00,"[{""label_format"":""PDF""},{""print_custom_1"":""ecom""}]",
2026-09-12T15:10:52Z,shp_00008177,9400100000000000008177,delivered,adr_from0001,Goodwill E-Com (test),Goodwill Michiana (test),100 Test Warehouse Rd,,South Bend,IN,46601,US,false,adr_to000014,Test Buyer,,15 Example Ave,,Mocksburg,MI,49001,US,true,prcl_000014,10,8,4,17.6,,2026-09-12T15:10:53Z,rate_000014,GroundAdvantage,USPS,3.47,,false,,113-2819602-5148668,0.00,3.47,0.00,"[{""label_format"":""PDF""},{""print_custom_1"":""ecom""}]",
2026-09-12T15:20:17Z,shp_00008136,9400100000000000008136,delivered,adr_from0001,Goodwill E-Com (test),Goodwill Michiana (test),100 Test Warehouse Rd,,South Bend,IN,46601,US,false,adr_to000015,Test Buyer,,16 Example Ave,,Fakeport,IL,60601,US,true,prcl_000015,10,8,4,51.2,,2026-09-12T15:20:18Z,rate_000015,GroundAdvantage,USPS,9.40,,false,,SGW-7719520,0.00,9.40,0.00,"[{""label_format"":""PDF""},{""print_custom_1"":""ecom""}]",
2026-09-12T15:26:23Z,shp_00008124,9400100000000000008124,delivered,adr_from0001,Goodwill E-Com (test),Goodwill Michiana (test),100 Test Warehouse Rd,,South Bend,IN,46601,US,false,adr_to000016,Test Buyer,,17 Example Ave,,Testville,IN,46601,US,true,prcl_000016,10,8,4,19.2,,2026-09-12T15:26:24Z,rate_000016,GroundAdvantage,USPS,4.14,,false,,04-19474-76786,0.00,4.14,0.00,"[{""label_format"":""PDF""},{""print_custom_1"":""ecom""}]",
2026-09-12T15:31:20Z,shp_00008167,9400100000000000008167,delivered,adr_from0001,Goodwill E-Com (test),Goodwill Michiana (test),100 Test Warehouse Rd,,South Bend,IN,46601,US,false,adr_to000017,Test Buyer,,18 Example Ave,,Sampleton,OH,43004,US,true,prcl_000017,10,8,4,28.8,,2026-09-12T15:31:21Z,rate_000017,GroundAdvantage,USPS,5.11,,false,,114-1819586-8162256,0.00,5.11,0.00,"[{""label_format"":""PDF""},{""print_custom_1"":""ecom""}]",
2026-09-12T15:34:49Z,shp_00008148,9400100000000000008148,in_transit,adr_from0001,Goodwill E-Com (test),Goodwill Michiana (test),100 Test Warehouse Rd,,South Bend,IN,46601,US,false,adr_to000018,Test Buyer,,19 Example Ave,,Mocksburg,MI,49001,US,true,prcl_000018,10,8,4,20.8,,2026-09-12T15:34:50Z,rate_000018,Priority,USPS,7.50,,false,,SGW-7719542,0.00,7.50,0.00,"[{""label_format"":""PDF""},{""print_custom_1"":""ecom""}]",
2026-09-12T15:40:20Z,shp_00008141,9400100000000000008141,delivered,adr_from0001,Goodwill E-Com (test),Goodwill Michiana (test),100 Test Warehouse Rd,,South Bend,IN,46601,US,false,adr_to000019,Test Buyer,,20 Example Ave,,Fakeport,IL,60601,US,true,prcl_000019,10,8,4,33.6,,2026-09-12T15:40:21Z,rate_000019,Priority,USPS,14.37,,false,,SGW-7719528,0.00,14.37,0.00,"[{""label_format"":""PDF""},{""print_custom_1"":""ecom""}]",
2026-09-12T15:46:07Z,shp_00008164,9400100000000000008164,delivered,adr_from0001,Goodwill E-Com (test),Goodwill Michiana (test),100 Test Warehouse Rd,,South Bend,IN,46601,US,false,adr_to000020,Test Buyer,,21 Example Ave,,Testville,IN,46601,US,true,prcl_000020,10,8,4,52.8,,2026-09-12T15:46:08Z,rate_000020,GroundAdvantage,USPS,5.56,,false,,114-4219578-1015750,0.00,5.56,0.00,"[{""label_format"":""PDF""},{""print_custom_1"":""ecom""}]",
2026-09-12T15:57:09Z,shp_00008160,9400100000000000008160,delivered,adr_from0001,Goodwill E-Com (test),Goodwill Michiana (test),100 Test Warehouse Rd,,South Bend,IN,46601,US,false,adr_to000021,Test Buyer,,22 Example Ave,,Sampleton,OH,43004,US,true,prcl_000021,10,8,4,14.4,,2026-09-12T15:57:10Z,rate_000021,GroundAdvantage,USPS,11.00,,false,,SGW-7719566,0.00,11.00,0.00,"[{""label_format"":""PDF""},{""print_custom_1"":""ecom""}]",
2026-09-12T16:18:28Z,shp_00008146,9400100000000000008146,delivered,adr_from0001,Goodwill E-Com (test),Goodwill Michiana (test),100 Test Warehouse Rd,,South Bend,IN,46601,US,false,adr_to000022,Test Buyer,,23 Example Ave,,Mocksburg,MI,49001,US,true,prcl_000022,10,8,4,38.4,,2026-09-12T16:18:29Z,rate_000022,GroundAdvantage,USPS,13.51,,false,,SGW-7719540,0.00,13.51,0.00,"[{""label_format"":""PDF""},{""print_custom_1"":""ecom""}]",
2026-09-12T16:20:42Z,shp_00008174,9400100000000000008174,delivered,adr_from0001,Goodwill E-Com (test),Goodwill Michiana (test),100 Test Warehouse Rd,,South Bend,IN,46601,US,false,adr_to000023,Test Buyer,,24 Example Ave,,Fakeport,IL,60601,US,true,prcl_000023,10,8,4,12.8,,2026-09-12T16:20:43Z,rate_000023,GroundAdvantage,USPS,4.97,,false,,111-1919597-2439165,0.00,4.97,0.00,"[{""label_format"":""PDF""},{""print_custom_1"":""ecom""}]",
2026-09-12T16:22:21Z,shp_00008097,9400100000000000008097,delivered,adr_from0001,Goodwill E-Com (test),Goodwill Michiana (test),100 Test Warehouse Rd,,South Bend,IN,46601,US,false,adr_to000024,Test Buyer,,25 Example Ave,,Testville,IN,46601,US,true,prcl_000024,10,8,4,17.6,,2026-09-12T16:22:22Z,rate_000024,GroundAdvantage,USPS,3.89,,false,,112-7619422-2399443,0.00,3.89,0.00,"[{""label_format"":""PDF""},{""print_custom_1"":""ecom""}]",
2026-09-12T16:27:36Z,shp_00008196,9400100000000000008196,delivered,adr_from0001,Goodwill E-Com (test),Goodwill Michiana (test),100 Test Warehouse Rd,,South Bend,IN,46601,US,false,adr_to000025,Test Buyer,,26 Example Ave,,Sampleton,OH,43004,US,true,prcl_000025,10,8,4,19.2,,2026-09-12T16:27:37Z,rate_000025,Priority,USPS,5.31,,false,,21-19637-96167,0.00,5.31,0.00,"[{""label_format"":""PDF""},{""print_custom_1"":""ecom""}]",
2026-09-12T16:48:57Z,shp_00008190,9400100000000000008190,delivered,adr_from0001,Goodwill E-Com (test),Goodwill Michiana (test),100 Test Warehouse Rd,,South Bend,IN,46601,US,false,adr_to000026,Test Buyer,,27 Example Ave,,Mocksburg,MI,49001,US,true,prcl_000026,10,8,4,11.2,,2026-09-12T16:48:58Z,rate_000026,GroundAdvantage,USPS,5.21,,false,,114-3019626-7966258,0.00,5.21,0.00,"[{""label_format"":""PDF""},{""print_custom_1"":""ecom""}]",
2026-09-12T16:49:50Z,shp_00008058,9400100000000000008058,in_transit,adr_from0001,Goodwill E-Com (test),Goodwill Michiana (test),100 Test Warehouse Rd,,South Bend,IN,46601,US,false,adr_to000027,Test Buyer,,28 Example Ave,,Fakeport,IL,60601,US,true,prcl_000027,10,8,4,30.4,,2026-09-12T16:49:51Z,rate_000027,GroundAdvantage,USPS,3.87,,false,,111-1919303-4170243,0.00,3.87,0.00,"[{""label_format"":""PDF""},{""print_custom_1"":""ecom""}]",
2026-09-12T16:53:02Z,shp_00008188,9400100000000000008188,delivered,adr_from0001,Goodwill E-Com (test),Goodwill Michiana (test),100 Test Warehouse Rd,,South Bend,IN,46601,US,false,adr_to000028,Test Buyer,,29 Example Ave,,Testville,IN,46601,US,true,prcl_000028,10,8,4,20.8,,2026-09-12T16:53:03Z,rate_000028,GroundAdvantage,USPS,3.63,,false,,113-5919621-1922598,0.00,3.63,0.00,"[{""label_format"":""PDF""},{""print_custom_1"":""ecom""}]",
2026-09-12T16:58:41Z,shp_00008172,9400100000000000008172,delivered,adr_from0001,Goodwill E-Com (test),Goodwill Michiana (test),100 Test Warehouse Rd,,South Bend,IN,46601,US,false,adr_to000029,Test Buyer,,30 Example Ave,,Sampleton,OH,43004,US,true,prcl_000029,10,8,4,25.6,,2026-09-12T16:58:42Z,rate_000029,GroundAdvantage,USPS,3.64,,false,,112-4019595-1715048,0.00,3.64,0.00,"[{""label_format"":""PDF""},{""print_custom_1"":""ecom""}]",
2026-09-12T17:02:15Z,shp_00008110,9400100000000000008110,delivered,adr_from0001,Goodwill E-Com (test),Goodwill Michiana (test),100 Test Warehouse Rd,,South Bend,IN,46601,US,false,adr_to000030,Test Buyer,,31 Example Ave,,Mocksburg,MI,49001,US,true,prcl_000030,10,8,4,51.2,,2026-09-12T17:02:16Z,rate_000030,Priority,USPS,3.58,,false,,114-1219449-9726820,0.00,3.58,0.00,"[{""label_format"":""PDF""},{""print_custom_1"":""ecom""}]",
2026-09-12T17:05:33Z,shp_00008185,9400100000000000008185,delivered,adr_from0001,Goodwill E-Com (test),Goodwill Michiana (test),100 Test Warehouse Rd,,South Bend,IN,46601,US,false,adr_to000031,Test Buyer,,32 Example Ave,,Fakeport,IL,60601,US,true,prcl_000031,10,8,4,16.0,,2026-09-12T17:05:34Z,rate_000031,GroundAdvantage,USPS,3.71,,false,,114-1819615-6017464,0.00,3.71,0.00,"[{""label_format"":""PDF""},{""print_custom_1"":""ecom""}]",
2026-09-12T17:10:23Z,shp_00008152,9400100000000000008152,delivered,adr_from0001,Goodwill E-Com (test),Goodwill Michiana (test),100 Test Warehouse Rd,,South Bend,IN,46601,US,false,adr_to000032,Test Buyer,,33 Example Ave,,Testville,IN,46601,US,true,prcl_000032,10,8,4,17.6,,2026-09-12T17:10:24Z,rate_000032,Priority,USPS,8.62,,false,,SGW-7719548,0.00,8.62,0.00,"[{""label_format"":""PDF""},{""print_custom_1"":""ecom""}]",
2026-09-12T17:13:07Z,shp_00008173,9400100000000000008173,delivered,adr_from0001,Goodwill E-Com (test),Goodwill Michiana (test),100 Test Warehouse Rd,,South Bend,IN,46601,US,false,adr_to000033,Test Buyer,,34 Example Ave,,Sampleton,OH,43004,US,true,prcl_000033,10,8,4,41.6,,2026-09-12T17:13:08Z,rate_000033,GroundAdvantage,USPS,5.16,,false,,112-1419596-7097986,0.00,5.16,0.00,"[{""label_format"":""PDF""},{""print_custom_1"":""ecom""}]",
2026-09-12T17:26:18Z,shp_00008171,9400100000000000008171,delivered,adr_from0001,Goodwill E-Com (test),Goodwill Michiana (test),100 Test Warehouse Rd,,South Bend,IN,46601,US,false,adr_to000034,Test Buyer,,35 Example Ave,,Mocksburg,MI,49001,US,true,prcl_000034,10,8,4,33.6,,2026-09-12T17:26:19Z,rate_000034,GroundAdvantage,USPS,3.82,,false,,113-0419592-9988145,0.00,3.82,0.00,"[{""label_format"":""PDF""},{""print_custom_1"":""ecom""}]",
2026-09-12T17:28:27Z,shp_00008140,9400100000000000008140,delivered,adr_from0001,Goodwill E-Com (test),Goodwill Michiana (test),100 Test Warehouse Rd,,South Bend,IN,46601,US,false,adr_to000035,Test Buyer,,36 Example Ave,,Fakeport,IL,60601,US,true,prcl_000035,10,8,4,16.0,,2026-09-12T17:28:28Z,rate_000035,Priority,USPS,12.37,,false,,SGW-7719526,0.00,12.37,0.00,"[{""label_format"":""PDF""},{""print_custom_1"":""ecom""}]",
2026-09-12T17:30:57Z,shp_00008139,9400100000000000008139,in_transit,adr_from0001,Goodwill E-Com (test),Goodwill Michiana (test),100 Test Warehouse Rd,,South Bend,IN,46601,US,false,adr_to000036,Test Buyer,,37 Example Ave,,Testville,IN,46601,US,true,prcl_000036,10,8,4,6.4,,2026-09-12T17:30:58Z,rate_000036,GroundAdvantage,USPS,5.97,,false,,SGW-7719525,0.00,5.97,0.00,"[{""label_format"":""PDF""},{""print_custom_1"":""ecom""}]",
2026-09-12T17:36:46Z,shp_00008107,9400100000000000008107,delivered,adr_from0001,Goodwill E-Com (test),Goodwill Michiana (test),100 Test Warehouse Rd,,South Bend,IN,46601,US,false,adr_to000037,Test Buyer,,38 Example Ave,,Sampleton,OH,43004,US,true,prcl_000037,10,8,4,20.8,,2026-09-12T17:36:47Z,rate_000037,Priority,USPS,3.73,,false,,113-7819440-3873903,0.00,3.73,0.00,"[{""label_format"":""PDF""},{""print_custom_1"":""ecom""}]",
2026-09-12T17:49:19Z,shp_00008078,9400100000000000008078,delivered,adr_from0001,Goodwill E-Com (test),Goodwill Michiana (test),100 Test Warehouse Rd,,South Bend,IN,46601,US,false,adr_to000038,Test Buyer,,39 Example Ave,,Mocksburg,MI,49001,US,true,prcl_000038,10,8,4,44.8,,2026-09-12T17:49:20Z,rate_000038,Priority,USPS,6.34,,false,,m00000019350,0.00,6.34,0.00,"[{""label_format"":""PDF""},{""print_custom_1"":""ecom""}]",
2026-09-12T17:53:35Z,shp_00008191,9400100000000000008191,delivered,adr_from0001,Goodwill E-Com (test),Goodwill Michiana (test),100 Test Warehouse Rd,,South Bend,IN,46601,US,false,adr_to000039,Test Buyer,,40 Example Ave,,Fakeport,IL,60601,US,true,prcl_000039,10,8,4,78.4,,2026-09-12T17:53:36Z,rate_000039,GroundAdvantage,USPS,3.35,,false,,114-8719627-7007784,0.00,3.35,0.00,"[{""label_format"":""PDF""},{""print_custom_1"":""ecom""}]",
2026-09-12T17:55:37Z,shp_00008143,9400100000000000008143,delivered,adr_from0001,Goodwill E-Com (test),Goodwill Michiana (test),100 Test Warehouse Rd,,South Bend,IN,46601,US,false,adr_to000040,Test Buyer,,41 Example Ave,,Testville,IN,46601,US,true,prcl_000040,10,8,4,4.8,,2026-09-12T17:55:38Z,rate_000040,GroundAdvantage,USPS,18.87,,false,,SGW-7719531,0.00,18.87,0.00,"[{""label_format"":""PDF""},{""print_custom_1"":""ecom""}]",
2026-09-12T18:14:03Z,shp_00008180,9400100000000000008180,delivered,adr_from0001,Goodwill E-Com (test),Goodwill Michiana (test),100 Test Warehouse Rd,,South Bend,IN,46601,US,false,adr_to000041,Test Buyer,,42 Example Ave,,Sampleton,OH,43004,US,true,prcl_000041,10,8,4,19.2,,2026-09-12T18:14:04Z,rate_000041,Priority,USPS,3.34,,false,,114-4519607-4630278,0.00,3.34,0.00,"[{""label_format"":""PDF""},{""print_custom_1"":""ecom""}]",
2026-09-12T18:23:45Z,shp_00008202,9400100000000000008202,delivered,adr_from0001,Goodwill E-Com (test),Goodwill Michiana (test),100 Test Warehouse Rd,,South Bend,IN,46601,US,false,adr_to000042,Test Buyer,,43 Example Ave,,Mocksburg,MI,49001,US,true,prcl_000042,10,8,4,30.4,,2026-09-12T18:23:46Z,rate_000042,GroundAdvantage,USPS,6.49,,false,,m00000019656,0.00,6.49,0.00,"[{""label_format"":""PDF""},{""print_custom_1"":""ecom""}]",
2026-09-12T18:26:47Z,shp_00008137,9400100000000000008137,delivered,adr_from0001,Goodwill E-Com (test),Goodwill Michiana (test),100 Test Warehouse Rd,,South Bend,IN,46601,US,false,adr_to000043,Test Buyer,,44 Example Ave,,Fakeport,IL,60601,US,true,prcl_000043,10,8,4,25.6,,2026-09-12T18:26:48Z,rate_000043,GroundAdvantage,USPS,9.63,,false,,SGW-7719521,0.00,9.63,0.00,"[{""label_format"":""PDF""},{""print_custom_1"":""ecom""}]",
2026-09-12T18:31:21Z,shp_00008102,9400100000000000008102,delivered,adr_from0001,Goodwill E-Com (test),Goodwill Michiana (test),100 Test Warehouse Rd,,South Bend,IN,46601,US,false,adr_to000044,Test Buyer,,45 Example Ave,,Testville,IN,46601,US,true,prcl_000044,10,8,4,16.0,,2026-09-12T18:31:22Z,rate_000044,Priority,USPS,3.69,,false,,111-5119427-6368978,0.00,3.69,0.00,"[{""label_format"":""PDF""},{""print_custom_1"":""ecom""}]",
2026-09-12T18:34:18Z,shp_00008165,9400100000000000008165,in_transit,adr_from0001,Goodwill E-Com (test),Goodwill Michiana (test),100 Test Warehouse Rd,,South Bend,IN,46601,US,false,adr_to000045,Test Buyer,,46 Example Ave,,Sampleton,OH,43004,US,true,prcl_000045,10,8,4,36.8,,2026-09-12T18:34:19Z,rate_000045,GroundAdvantage,USPS,3.45,,false,,112-5519582-5979037,0.00,3.45,0.00,"[{""label_format"":""PDF""},{""print_custom_1"":""ecom""}]",
2026-09-12T18:50:38Z,shp_00008142,9400100000000000008142,delivered,adr_from0001,Goodwill E-Com (test),Goodwill Michiana (test),100 Test Warehouse Rd,,South Bend,IN,46601,US,false,adr_to000046,Test Buyer,,47 Example Ave,,Mocksburg,MI,49001,US,true,prcl_000046,10,8,4,22.4,,2026-09-12T18:50:39Z,rate_000046,GroundAdvantage,USPS,9.30,,false,,SGW-7719529,0.00,9.30,0.00,"[{""label_format"":""PDF""},{""print_custom_1"":""ecom""}]",
2026-09-12T18:54:58Z,shp_00008195,9400100000000000008195,delivered,adr_from0001,Goodwill E-Com (test),Goodwill Michiana (test),100 Test Warehouse Rd,,South Bend,IN,46601,US,false,adr_to000047,Test Buyer,,48 Example Ave,,Fakeport,IL,60601,US,true,prcl_000047,10,8,4,27.2,,2026-09-12T18:54:59Z,rate_000047,GroundAdvantage,USPS,4.34,,false,,26-19635-29447,0.00,4.34,0.00,"[{""label_format"":""PDF""},{""print_custom_1"":""ecom""}]",
2026-09-12T18:58:33Z,shp_00008179,9400100000000000008179,delivered,adr_from0001,Goodwill E-Com (test),Goodwill Michiana (test),100 Test Warehouse Rd,,South Bend,IN,46601,US,false,adr_to000048,Test Buyer,,49 Example Ave,,Testville,IN,46601,US,true,prcl_000048,10,8,4,22.4,,2026-09-12T18:58:34Z,rate_000048,GroundAdvantage,USPS,5.24,,false,,114-8319605-4171744,0.00,5.24,0.00,"[{""label_format"":""PDF""},{""print_custom_1"":""ecom""}]",
2026-09-12T18:59:03Z,shp_00008162,9400100000000000008162,delivered,adr_from0001,Goodwill E-Com (test),Goodwill Michiana (test),100 Test Warehouse Rd,,South Bend,IN,46601,US,false,adr_to000049,Test Buyer,,50 Example Ave,,Sampleton,OH,43004,US,true,prcl_000049,10,8,4,19.2,,2026-09-12T18:59:04Z,rate_000049,GroundAdvantage,USPS,3.31,,false,,112-5519575-7241619,0.00,3.31,0.00,"[{""label_format"":""PDF""},{""print_custom_1"":""ecom""}]",
2026-09-12T19:06:06Z,shp_00008147,9400100000000000008147,delivered,adr_from0001,Goodwill E-Com (test),Goodwill Michiana (test),100 Test Warehouse Rd,,South Bend,IN,46601,US,false,adr_to000050,Test Buyer,,51 Example Ave,,Mocksburg,MI,49001,US,true,prcl_000050,10,8,4,33.6,,2026-09-12T19:06:07Z,rate_000050,Priority,USPS,8.61,,false,,SGW-7719541,0.00,8.61,0.00,"[{""label_format"":""PDF""},{""print_custom_1"":""ecom""}]",
2026-09-12T19:07:16Z,shp_00008189,9400100000000000008189,delivered,adr_from0001,Goodwill E-Com (test),Goodwill Michiana (test),100 Test Warehouse Rd,,South Bend,IN,46601,US,false,adr_to000051,Test Buyer,,52 Example Ave,,Fakeport,IL,60601,US,true,prcl_000051,10,8,4,38.4,,2026-09-12T19:07:17Z,rate_000051,GroundAdvantage,USPS,5.25,,false,,114-1919623-6075102,0.00,5.25,0.00,"[{""label_format"":""PDF""},{""print_custom_1"":""ecom""}]",
2026-09-12T19:09:03Z,shp_00008183,9400100000000000008183,delivered,adr_from0001,Goodwill E-Com (test),Goodwill Michiana (test),100 Test Warehouse Rd,,South Bend,IN,46601,US,false,adr_to000052,Test Buyer,,53 Example Ave,,Testville,IN,46601,US,true,prcl_000052,10,8,4,6.4,,2026-09-12T19:09:04Z,rate_000052,GroundAdvantage,USPS,5.75,,false,,114-8419610-4482785,0.00,5.75,0.00,"[{""label_format"":""PDF""},{""print_custom_1"":""ecom""}]",
2026-09-12T19:18:52Z,shp_00008089,9400100000000000008089,delivered,adr_from0001,Goodwill E-Com (test),Goodwill Michiana (test),100 Test Warehouse Rd,,South Bend,IN,46601,US,false,adr_to000053,Test Buyer,,54 Example Ave,,Sampleton,OH,43004,US,true,prcl_000053,10,8,4,38.4,,2026-09-12T19:18:53Z,rate_000053,Priority,USPS,12.90,,false,,SGW-7719409,0.00,12.90,0.00,"[{""label_format"":""PDF""},{""print_custom_1"":""ecom""}]",
2026-09-12T19:24:53Z,shp_00008094,9400100000000000008094,in_transit,adr_from0001,Goodwill E-Com (test),Goodwill Michiana (test),100 Test Warehouse Rd,,South Bend,IN,46601,US,false,adr_to000054,Test Buyer,,55 Example Ave,,Mocksburg,MI,49001,US,true,prcl_000054,10,8,4,41.6,,2026-09-12T19:24:54Z,rate_000054,GroundAdvantage,USPS,7.16,,false,,SGW-7719417,0.00,7.16,0.00,"[{""label_format"":""PDF""},{""print_custom_1"":""ecom""}]",
2026-09-12T19:26:55Z,shp_00008118,9400100000000000008118,delivered,adr_from0001,Goodwill E-Com (test),Goodwill Michiana (test),100 Test Warehouse Rd,,South Bend,IN,46601,US,false,adr_to000055,Test Buyer,,56 Example Ave,,Fakeport,IL,60601,US,true,prcl_000055,10,8,4,38.4,,2026-09-12T19:26:56Z,rate_000055,GroundAdvantage,USPS,3.39,,false,,112-1519463-0070658,0.00,3.39,0.00,"[{""label_format"":""PDF""},{""print_custom_1"":""ecom""}]",
2026-09-12T19:49:06Z,shp_00008144,9400100000000000008144,delivered,adr_from0001,Goodwill E-Com (test),Goodwill Michiana (test),100 Test Warehouse Rd,,South Bend,IN,46601,US,false,adr_to000056,Test Buyer,,57 Example Ave,,Testville,IN,46601,US,true,prcl_000056,10,8,4,11.2,,2026-09-12T19:49:07Z,rate_000056,GroundAdvantage,USPS,8.89,,false,,SGW-7719535,0.00,8.89,0.00,"[{""label_format"":""PDF""},{""print_custom_1"":""ecom""}]",
2026-09-12T19:52:31Z,shp_00008090,9400100000000000008090,delivered,adr_from0001,Goodwill E-Com (test),Goodwill Michiana (test),100 Test Warehouse Rd,,South Bend,IN,46601,US,false,adr_to000057,Test Buyer,,58 Example Ave,,Sampleton,OH,43004,US,true,prcl_000057,10,8,4,33.6,,2026-09-12T19:52:32Z,rate_000057,Priority,USPS,11.07,,false,,SGW-7719410,0.00,11.07,0.00,"[{""label_format"":""PDF""},{""print_custom_1"":""ecom""}]",
2026-09-12T19:55:21Z,shp_00008085,9400100000000000008085,delivered,adr_from0001,Goodwill E-Com (test),Goodwill Michiana (test),100 Test Warehouse Rd,,South Bend,IN,46601,US,false,adr_to000058,Test Buyer,,59 Example Ave,,Mocksburg,MI,49001,US,true,prcl_000058,10,8,4,44.8,,2026-09-12T19:55:22Z,rate_000058,GroundAdvantage,USPS,9.91,,false,,SGW-7719401,0.00,9.91,0.00,"[{""label_format"":""PDF""},{""print_custom_1"":""ecom""}]",
2026-09-12T19:55:35Z,shp_00008154,9400100000000000008154,delivered,adr_from0001,Goodwill E-Com (test),Goodwill Michiana (test),100 Test Warehouse Rd,,South Bend,IN,46601,US,false,adr_to000059,Test Buyer,,60 Example Ave,,Fakeport,IL,60601,US,true,prcl_000059,10,8,4,33.6,,2026-09-12T19:55:36Z,rate_000059,GroundAdvantage,USPS,10.74,,false,,SGW-7719550,0.00,10.74,0.00,"[{""label_format"":""PDF""},{""print_custom_1"":""ecom""}]",
2026-09-12T19:59:10Z,shp_00008055,9400100000000000008055,delivered,adr_from0001,Goodwill E-Com (test),Goodwill Michiana (test),100 Test Warehouse Rd,,South Bend,IN,46601,US,false,adr_to000060,Test Buyer,,61 Example Ave,,Testville,IN,46601,US,true,prcl_000060,10,8,4,11.2,,2026-09-12T19:59:11Z,rate_000060,GroundAdvantage,USPS,3.30,,false,,111-9019299-1050866,0.00,3.30,0.00,"[{""label_format"":""PDF""},{""print_custom_1"":""ecom""}]",
2026-09-12T20:00:56Z,shp_00008135,9400100000000000008135,delivered,adr_from0001,Goodwill E-Com (test),Goodwill Michiana (test),100 Test Warehouse Rd,,South Bend,IN,46601,US,false,adr_to000061,Test Buyer,,62 Example Ave,,Sampleton,OH,43004,US,true,prcl_000061,10,8,4,48.0,,2026-09-12T20:00:57Z,rate_000061,GroundAdvantage,USPS,8.82,,false,,SGW-7719516,0.00,8.82,0.00,"[{""label_format"":""PDF""},{""print_custom_1"":""ecom""}]",
2026-09-12T20:12:44Z,shp_00008192,9400100000000000008192,delivered,adr_from0001,Goodwill E-Com (test),Goodwill Michiana (test),100 Test Warehouse Rd,,South Bend,IN,46601,US,false,adr_to000062,Test Buyer,,63 Example Ave,,Mocksburg,MI,49001,US,true,prcl_000062,10,8,4,11.2,,2026-09-12T20:12:45Z,rate_000062,GroundAdvantage,USPS,3.86,,false,,114-5619629-7475024,0.00,3.86,0.00,"[{""label_format"":""PDF""},{""print_custom_1"":""ecom""}]",
2026-09-12T20:41:42Z,shp_00008170,9400100000000000008170,in_transit,adr_from0001,Goodwill E-Com (test),Goodwill Michiana (test),100 Test Warehouse Rd,,South Bend,IN,46601,US,false,adr_to000063,Test Buyer,,64 Example Ave,,Fakeport,IL,60601,US,true,prcl_000063,10,8,4,35.2,,2026-09-12T20:41:43Z,rate_000063,GroundAdvantage,USPS,3.49,,false,,111-9719591-8005267,0.00,3.49,0.00,"[{""label_format"":""PDF""},{""print_custom_1"":""ecom""}]",
2026-09-12T20:47:47Z,shp_00008088,9400100000000000008088,delivered,adr_from0001,Goodwill E-Com (test),Goodwill Michiana (test),100 Test Warehouse Rd,,South Bend,IN,46601,US,false,adr_to000064,Test Buyer,,65 Example Ave,,Testville,IN,46601,US,true,prcl_000064,10,8,4,17.6,,2026-09-12T20:47:48Z,rate_000064,GroundAdvantage,USPS,16.87,,false,,SGW-7719408,0.00,16.87,0.00,"[{""label_format"":""PDF""},{""print_custom_1"":""ecom""}]",
2026-09-12T20:48:00Z,shp_00008198,9400100000000000008198,delivered,adr_from0001,Goodwill E-Com (test),Goodwill Michiana (test),100 Test Warehouse Rd,,South Bend,IN,46601,US,false,adr_to000065,Test Buyer,,66 Example Ave,,Sampleton,OH,43004,US,true,prcl_000065,10,8,4,139.2,,2026-09-12T20:48:01Z,rate_000065,GroundAdvantage,USPS,7.28,,false,,21-19645-23501,0.00,7.28,0.00,"[{""label_format"":""PDF""},{""print_custom_1"":""ecom""}]",
2026-09-12T20:53:04Z,shp_00008201,9400100000000000008201,delivered,adr_from0001,Goodwill E-Com (test),Goodwill Michiana (test),100 Test Warehouse Rd,,South Bend,IN,46601,US,false,adr_to000066,Test Buyer,,67 Example Ave,,Mocksburg,MI,49001,US,true,prcl_000066,10,8,4,49.6,,2026-09-12T20:53:05Z,rate_000066,Priority,USPS,5.10,,false,,12-19655-56110,0.00,5.10,0.00,"[{""label_format"":""PDF""},{""print_custom_1"":""ecom""}]",
2026-09-12T20:53:59Z,shp_00008138,9400100000000000008138,delivered,adr_from0001,Goodwill E-Com (test),Goodwill Michiana (test),100 Test Warehouse Rd,,South Bend,IN,46601,US,false,adr_to000067,Test Buyer,,68 Example Ave,,Fakeport,IL,60601,US,true,prcl_000067,10,8,4,35.2,,2026-09-12T20:54:00Z,rate_000067,Priority,USPS,17.24,,false,,SGW-7719522,0.00,17.24,0.00,"[{""label_format"":""PDF""},{""print_custom_1"":""ecom""}]",
2026-09-12T20:55:24Z,shp_00008133,9400100000000000008133,delivered,adr_from0001,Goodwill E-Com (test),Goodwill Michiana (test),100 Test Warehouse Rd,,South Bend,IN,46601,US,false,adr_to000068,Test Buyer,,69 Example Ave,,Testville,IN,46601,US,true,prcl_000068,10,8,4,14.4,,2026-09-12T20:55:25Z,rate_000068,Priority,USPS,13.99,,false,,SGW-7719514,0.00,13.99,0.00,"[{""label_format"":""PDF""},{""print_custom_1"":""ecom""}]",
2026-09-12T20:59:00Z,shp_00008145,9400100000000000008145,delivered,adr_from0001,Goodwill E-Com (test),Goodwill Michiana (test),100 Test Warehouse Rd,,South Bend,IN,46601,US,false,adr_to000069,Test Buyer,,70 Example Ave,,Sampleton,OH,43004,US,true,prcl_000069,10,8,4,92.8,,2026-09-12T20:59:01Z,rate_000069,GroundAdvantage,USPS,16.90,,false,,SGW-7719537,0.00,16.90,0.00,"[{""label_format"":""PDF""},{""print_custom_1"":""ecom""}]",
